  1    2  4  4.6100000  0.0000000 10.2000000  0.0000000  0.0000000  0.0000000
           1  'C  '    10947.0833589781     
    1    1      0.0000000000      0.0000000000      0.0000000000
    2    1      0.0000000000      0.5773502692      0.0000000000
 F
   8   8   1
   1   1   1   1
   1   1   1   1.35875574453E+00
   2   1   1  -9.83580153626E-02
   3   1   1  -2.36286421875E-03
   4   1   1  -1.18910119988E-03
   5   1   1  -1.18262921875E-03
   6   1   1  -1.18910119988E-03
   7   1   1  -2.36286421875E-03
   8   1   1  -9.83580153626E-02
   1   2   1   1.78100337256E-02
   2   2   1   1.78100337256E-02
   3   2   1  -8.98294564486E-03
   4   2   1  -2.71542875344E-03
   5   2   1  -5.11702111494E-04
   6   2   1  -5.11702111494E-04
   7   2   1  -2.71542875344E-03
   8   2   1  -8.98294564486E-03
   1   3   1   3.58114859375E-03
   2   3   1  -2.09625427248E-03
   3   3   1   3.58114859375E-03
   4   3   1  -2.78481406250E-04
   5   3   1  -1.53104578125E-03
   6   3   1  -1.19166229002E-03
   7   3   1  -1.53104578125E-03
   8   3   1  -2.78481406250E-04
   1   4   1  -3.95325288084E-04
   2   4   1   3.72127815936E-04
   3   4   1   3.72127815936E-04
   4   4   1  -3.95325288084E-04
   5   4   1  -4.27732010063E-05
   6   4   1  -4.02117792639E-04
   7   4   1  -4.02117792639E-04
   8   4   1  -4.27732010063E-05
   1   5   1  -2.35326093750E-04
   2   5   1   1.49460937500E-05
   3   5   1  -3.12486718750E-04
   4   5   1   1.49460937500E-05
   5   5   1  -2.35326093750E-04
   6   5   1   1.49460937500E-05
   7   5   1  -3.12486718750E-04
   8   5   1   1.49460937500E-05
   1   6   1  -3.95325288084E-04
   2   6   1  -4.27732010063E-05
   3   6   1  -4.02117792639E-04
   4   6   1  -4.02117792639E-04
   5   6   1  -4.27732010063E-05
   6   6   1  -3.95325288084E-04
   7   6   1   3.72127815936E-04
   8   6   1   3.72127815936E-04
   1   7   1   3.58114859375E-03
   2   7   1  -2.78481406250E-04
   3   7   1  -1.53104578125E-03
   4   7   1  -1.19166229002E-03
   5   7   1  -1.53104578125E-03
   6   7   1  -2.78481406250E-04
   7   7   1   3.58114859375E-03
   8   7   1  -2.09625427248E-03
   1   8   1   1.78100337256E-02
   2   8   1  -8.98294564486E-03
   3   8   1  -2.71542875344E-03
   4   8   1  -5.11702111494E-04
   5   8   1  -5.11702111494E-04
   6   8   1  -2.71542875344E-03
   7   8   1  -8.98294564486E-03
   8   8   1   1.78100337256E-02
   1   1   1   2
   1   1   1  -2.25364556094E-01
   2   1   1   3.31980906360E-03
   3   1   1   4.79434703125E-03
   4   1   1   9.97718123896E-04
   5   1   1   3.54733906250E-04
   6   1   1   9.97718123896E-04
   7   1   1   4.79434703125E-03
   8   1   1   3.31980906360E-03
   1   2   1  -4.80610575606E-01
   2   2   1  -4.80610575606E-01
   3   2   1   4.44675316480E-03
   4   2   1   3.08231988640E-05
   5   2   1   1.09016043956E-03
   6   2   1   1.09016043956E-03
   7   2   1   3.08231988640E-05
   8   2   1   4.44675316480E-03
   1   3   1   1.45649720313E-02
   2   3   1  -4.17759390967E-02
   3   3   1   1.45649720313E-02
   4   3   1   7.13673671875E-03
   5   3   1   1.15337703125E-03
   6   3   1   4.02471284198E-04
   7   3   1   1.15337703125E-03
   8   3   1   7.13673671875E-03
   1   4   1  -1.33778314306E-03
   2   4   1  -1.61072125484E-03
   3   4   1  -1.61072125484E-03
   4   4   1  -1.33778314306E-03
   5   4   1   1.90693942421E-03
   6   4   1   1.58097748264E-03
   7   4   1   1.58097748264E-03
   8   4   1   1.90693942421E-03
   1   5   1   6.75776562500E-05
   2   5   1   8.55854162368E-04
   3   5   1  -2.21214671875E-03
   4   5   1   8.55854162368E-04
   5   5   1   6.75776562500E-05
   6   5   1   2.78929275132E-04
   7   5   1   8.54935781250E-04
   8   5   1   2.78929275132E-04
   1   6   1   2.04617793282E-04
   2   6   1   9.04404979450E-05
   3   6   1  -8.41272273007E-05
   4   6   1  -8.41272273006E-05
   5   6   1   9.04404979449E-05
   6   6   1   2.04617793282E-04
   7   6   1   2.39348988636E-04
   8   6   1   2.39348988636E-04
   1   7   1  -7.48552968750E-04
   2   7   1   7.56267187500E-05
   3   7   1   1.97742031250E-04
   4   7   1   8.69504190481E-05
   5   7   1   1.97742031250E-04
   6   7   1   7.56267187500E-05
   7   7   1  -7.48552968750E-04
   8   7   1   7.38017684519E-05
   1   8   1  -1.21126409194E-02
   2   8   1  -1.25530029514E-03
   3   8   1   8.63477192338E-04
   4   8   1   1.09527276329E-03
   5   8   1   1.09527276329E-03
   6   8   1   8.63477192338E-04
   7   8   1  -1.25530029514E-03
   8   8   1  -1.21126409194E-02
   1   1   2   1
   1   1   1  -2.25364556094E-01
   2   1   1   3.31980906360E-03
   3   1   1   4.79434703125E-03
   4   1   1   9.97718123896E-04
   5   1   1   3.54733906250E-04
   6   1   1   9.97718123896E-04
   7   1   1   4.79434703125E-03
   8   1   1   3.31980906360E-03
   1   2   1  -1.21126409194E-02
   2   2   1  -1.21126409194E-02
   3   2   1  -1.25530029514E-03
   4   2   1   8.63477192338E-04
   5   2   1   1.09527276329E-03
   6   2   1   1.09527276329E-03
   7   2   1   8.63477192338E-04
   8   2   1  -1.25530029514E-03
   1   3   1  -7.48552968750E-04
   2   3   1   7.38017684519E-05
   3   3   1  -7.48552968750E-04
   4   3   1   7.56267187500E-05
   5   3   1   1.97742031250E-04
   6   3   1   8.69504190481E-05
   7   3   1   1.97742031250E-04
   8   3   1   7.56267187500E-05
   1   4   1   2.04617793282E-04
   2   4   1   2.39348988636E-04
   3   4   1   2.39348988636E-04
   4   4   1   2.04617793282E-04
   5   4   1   9.04404979449E-05
   6   4   1  -8.41272273006E-05
   7   4   1  -8.41272273007E-05
   8   4   1   9.04404979450E-05
   1   5   1   6.75776562500E-05
   2   5   1   2.78929275132E-04
   3   5   1   8.54935781250E-04
   4   5   1   2.78929275132E-04
   5   5   1   6.75776562500E-05
   6   5   1   8.55854162368E-04
   7   5   1  -2.21214671875E-03
   8   5   1   8.55854162368E-04
   1   6   1  -1.33778314306E-03
   2   6   1   1.90693942421E-03
   3   6   1   1.58097748264E-03
   4   6   1   1.58097748264E-03
   5   6   1   1.90693942421E-03
   6   6   1  -1.33778314306E-03
   7   6   1  -1.61072125484E-03
   8   6   1  -1.61072125484E-03
   1   7   1   1.45649720313E-02
   2   7   1   7.13673671875E-03
   3   7   1   1.15337703125E-03
   4   7   1   4.02471284198E-04
   5   7   1   1.15337703125E-03
   6   7   1   7.13673671875E-03
   7   7   1   1.45649720313E-02
   8   7   1  -4.17759390967E-02
   1   8   1  -4.80610575606E-01
   2   8   1   4.44675316480E-03
   3   8   1   3.08231988640E-05
   4   8   1   1.09016043956E-03
   5   8   1   1.09016043956E-03
   6   8   1   3.08231988640E-05
   7   8   1   4.44675316480E-03
   8   8   1  -4.80610575606E-01
   1   1   2   2
   1   1   1   1.35875574453E+00
   2   1   1  -9.83580153626E-02
   3   1   1  -2.36286421875E-03
   4   1   1  -1.18910119988E-03
   5   1   1  -1.18262921875E-03
   6   1   1  -1.18910119988E-03
   7   1   1  -2.36286421875E-03
   8   1   1  -9.83580153626E-02
   1   2   1   1.78100337256E-02
   2   2   1   1.78100337256E-02
   3   2   1  -8.98294564486E-03
   4   2   1  -2.71542875344E-03
   5   2   1  -5.11702111494E-04
   6   2   1  -5.11702111494E-04
   7   2   1  -2.71542875344E-03
   8   2   1  -8.98294564486E-03
   1   3   1   3.58114859375E-03
   2   3   1  -2.09625427248E-03
   3   3   1   3.58114859375E-03
   4   3   1  -2.78481406250E-04
   5   3   1  -1.53104578125E-03
   6   3   1  -1.19166229002E-03
   7   3   1  -1.53104578125E-03
   8   3   1  -2.78481406250E-04
   1   4   1  -3.95325288084E-04
   2   4   1   3.72127815936E-04
   3   4   1   3.72127815936E-04
   4   4   1  -3.95325288084E-04
   5   4   1  -4.27732010063E-05
   6   4   1  -4.02117792639E-04
   7   4   1  -4.02117792639E-04
   8   4   1  -4.27732010063E-05
   1   5   1  -2.35326093750E-04
   2   5   1   1.49460937500E-05
   3   5   1  -3.12486718750E-04
   4   5   1   1.49460937500E-05
   5   5   1  -2.35326093750E-04
   6   5   1   1.49460937500E-05
   7   5   1  -3.12486718750E-04
   8   5   1   1.49460937500E-05
   1   6   1  -3.95325288084E-04
   2   6   1  -4.27732010063E-05
   3   6   1  -4.02117792639E-04
   4   6   1  -4.02117792639E-04
   5   6   1  -4.27732010063E-05
   6   6   1  -3.95325288084E-04
   7   6   1   3.72127815936E-04
   8   6   1   3.72127815936E-04
   1   7   1   3.58114859375E-03
   2   7   1  -2.78481406250E-04
   3   7   1  -1.53104578125E-03
   4   7   1  -1.19166229002E-03
   5   7   1  -1.53104578125E-03
   6   7   1  -2.78481406250E-04
   7   7   1   3.58114859375E-03
   8   7   1  -2.09625427248E-03
   1   8   1   1.78100337256E-02
   2   8   1  -8.98294564486E-03
   3   8   1  -2.71542875344E-03
   4   8   1  -5.11702111494E-04
   5   8   1  -5.11702111494E-04
   6   8   1  -2.71542875344E-03
   7   8   1  -8.98294564486E-03
   8   8   1   1.78100337256E-02
   1   2   1   1
   1   1   1   2.16840434497E-18
   2   1   1   5.78620063212E-03
   3   1   1   9.72187500000E-05
   4   1   1  -4.36593117884E-04
   5   1   1  -4.33680868994E-19
   6   1   1   4.36593117884E-04
   7   1   1  -9.72187500000E-05
   8   1   1  -5.78620063212E-03
   1   2   1   7.28558556492E-02
   2   2   1  -7.28558556492E-02
   3   2   1  -3.97603365236E-03
   4   2   1   1.64610306523E-03
   5   2   1   2.56353484278E-04
   6   2   1  -2.56353484278E-04
   7   2   1  -1.64610306523E-03
   8   2   1   3.97603365236E-03
   1   3   1   3.52899656250E-03
   2   3   1   0.00000000000E+00
   3   3   1  -3.52899656250E-03
   4   3   1  -3.80433391967E-03
   5   3   1  -7.03535312500E-04
   6   3   1  -4.33680868994E-19
   7   3   1   7.03535312500E-04
   8   3   1   3.80433391967E-03
   1   4   1   2.16943650459E-05
   2   4   1   3.42870467653E-03
   3   4   1  -3.42870467653E-03
   4   4   1  -2.16943650459E-05
   5   4   1  -5.93738484278E-04
   6   4   1  -4.55844277363E-04
   7   4   1   4.55844277363E-04
   8   4   1   5.93738484278E-04
   1   5   1   5.46926875000E-04
   2   5   1   5.60413843555E-04
   3   5   1   0.00000000000E+00
   4   5   1  -5.60413843555E-04
   5   5   1  -5.46926875000E-04
   6   5   1   1.89424064445E-05
   7   5   1   0.00000000000E+00
   8   5   1  -1.89424064445E-05
   1   6   1   8.94880600814E-04
   2   6   1   1.43822342777E-05
   3   6   1   4.55844277363E-04
   4   6   1  -4.55844277363E-04
   5   6   1  -1.43822342777E-05
   6   6   1  -8.94880600814E-04
   7   6   1   6.14759940234E-04
   8   6   1  -6.14759940234E-04
   1   7   1   3.33455906250E-03
   2   7   1  -2.39130697087E-04
   3   7   1   7.03535312500E-04
   4   7   1  -3.46944695195E-18
   5   7   1  -7.03535312500E-04
   6   7   1   2.39130697087E-04
   7   7   1  -3.33455906250E-03
   8   7   1   4.33680868994E-18
   1   8   1   6.12834543850E-02
   2   8   1   3.97603365236E-03
   3   8   1   2.39736155153E-03
   4   8   1   3.23002765722E-04
   5   8   1  -3.23002765722E-04
   6   8   1  -2.39736155153E-03
   7   8   1  -3.97603365236E-03
   8   8   1  -6.12834543850E-02
   1   2   1   2
   1   1   1   1.73472347598E-18
   2   1   1  -2.60360413144E-02
   3   1   1  -2.05202500000E-04
   4   1   1   4.50464310570E-04
   5   1   1   1.51788304148E-18
   6   1   1  -4.50464310570E-04
   7   1   1   2.05202500000E-04
   8   1   1   2.60360413144E-02
   1   2   1   1.47366357609E-01
   2   2   1  -1.47366357609E-01
   3   2   1   1.54023265622E-02
   4   2   1  -3.40191754704E-04
   5   2   1  -7.91202097383E-05
   6   2   1   7.91202097383E-05
   7   2   1   3.40191754704E-04
   8   2   1  -1.54023265622E-02
   1   3   1  -9.56056937500E-03
   2   3   1  -1.73472347598E-18
   3   3   1   9.56056937500E-03
   4   3   1   4.07778713798E-03
   5   3   1   9.62783750000E-04
   6   3   1  -4.33680868994E-19
   7   3   1  -9.62783750000E-04
   8   3   1  -4.07778713798E-03
   1   4   1  -4.49972719549E-04
   2   4   1  -3.49276537135E-03
   3   4   1   3.49276537135E-03
   4   4   1   4.49972719549E-04
   5   4   1   5.27715225322E-04
   6   4   1   4.19179576122E-04
   7   4   1  -4.19179576122E-04
   8   4   1  -5.27715225322E-04
   1   5   1  -5.11269375000E-04
   2   5   1  -5.32370604428E-04
   3   5   1  -1.73472347598E-18
   4   5   1   5.32370604428E-04
   5   5   1   5.11269375000E-04
   6   5   1   7.13262294277E-05
   7   5   1   1.51788304148E-18
   8   5   1  -7.13262294277E-05
   1   6   1  -5.90388859126E-04
   2   6   1  -1.52588959738E-04
   3   6   1  -5.18189687241E-04
   4   6   1   5.18189687241E-04
   5   6   1   1.52588959738E-04
   6   6   1   5.90388859126E-04
   7   6   1  -4.35068629704E-04
   8   6   1   4.35068629704E-04
   1   7   1  -7.90165000000E-04
   2   7   1  -8.19055042900E-05
   3   7   1  -6.80928125000E-04
   4   7   1   8.67361737988E-19
   5   7   1   6.80928125000E-04
   6   7   1   8.19055042901E-05
   7   7   1   7.90165000000E-04
   8   7   1  -8.67361737988E-19
   1   8   1   5.84175646955E-03
   2   8   1  -3.69796645112E-03
   3   8   1  -1.77571224635E-03
   4   8   1  -1.62738524678E-04
   5   8   1   1.62738524678E-04
   6   8   1   1.77571224635E-03
   7   8   1   3.69796645112E-03
   8   8   1  -5.84175646955E-03
   1   2   2   1
   1   1   1   1.73472347598E-18
   2   1   1   2.60360413144E-02
   3   1   1   2.05202500000E-04
   4   1   1  -4.50464310570E-04
   5   1   1   1.51788304148E-18
   6   1   1   4.50464310570E-04
   7   1   1  -2.05202500000E-04
   8   1   1  -2.60360413144E-02
   1   2   1   5.84175646955E-03
   2   2   1  -5.84175646955E-03
   3   2   1   3.69796645112E-03
   4   2   1   1.77571224635E-03
   5   2   1   1.62738524678E-04
   6   2   1  -1.62738524678E-04
   7   2   1  -1.77571224635E-03
   8   2   1  -3.69796645112E-03
   1   3   1  -7.90165000000E-04
   2   3   1  -8.67361737988E-19
   3   3   1   7.90165000000E-04
   4   3   1   8.19055042901E-05
   5   3   1   6.80928125000E-04
   6   3   1   8.67361737988E-19
   7   3   1  -6.80928125000E-04
   8   3   1  -8.19055042900E-05
   1   4   1  -5.90388859126E-04
   2   4   1   4.35068629704E-04
   3   4   1  -4.35068629704E-04
   4   4   1   5.90388859126E-04
   5   4   1   1.52588959738E-04
   6   4   1   5.18189687241E-04
   7   4   1  -5.18189687241E-04
   8   4   1  -1.52588959738E-04
   1   5   1  -5.11269375000E-04
   2   5   1  -7.13262294277E-05
   3   5   1   1.51788304148E-18
   4   5   1   7.13262294277E-05
   5   5   1   5.11269375000E-04
   6   5   1   5.32370604428E-04
   7   5   1  -1.73472347598E-18
   8   5   1  -5.32370604428E-04
   1   6   1  -4.49972719549E-04
   2   6   1  -5.27715225322E-04
   3   6   1  -4.19179576122E-04
   4   6   1   4.19179576122E-04
   5   6   1   5.27715225322E-04
   6   6   1   4.49972719549E-04
   7   6   1   3.49276537135E-03
   8   6   1  -3.49276537135E-03
   1   7   1  -9.56056937500E-03
   2   7   1  -4.07778713798E-03
   3   7   1  -9.62783750000E-04
   4   7   1  -4.33680868994E-19
   5   7   1   9.62783750000E-04
   6   7   1   4.07778713798E-03
   7   7   1   9.56056937500E-03
   8   7   1  -1.73472347598E-18
   1   8   1   1.47366357609E-01
   2   8   1  -1.54023265622E-02
   3   8   1   3.40191754704E-04
   4   8   1   7.91202097383E-05
   5   8   1  -7.91202097383E-05
   6   8   1  -3.40191754704E-04
   7   8   1   1.54023265622E-02
   8   8   1  -1.47366357609E-01
   1   2   2   2
   1   1   1   2.16840434497E-18
   2   1   1  -5.78620063212E-03
   3   1   1  -9.72187500000E-05
   4   1   1   4.36593117884E-04
   5   1   1  -4.33680868994E-19
   6   1   1  -4.36593117884E-04
   7   1   1   9.72187500000E-05
   8   1   1   5.78620063212E-03
   1   2   1   6.12834543850E-02
   2   2   1  -6.12834543850E-02
   3   2   1  -3.97603365236E-03
   4   2   1  -2.39736155153E-03
   5   2   1  -3.23002765722E-04
   6   2   1   3.23002765722E-04
   7   2   1   2.39736155153E-03
   8   2   1   3.97603365236E-03
   1   3   1   3.33455906250E-03
   2   3   1   4.33680868994E-18
   3   3   1  -3.33455906250E-03
   4   3   1   2.39130697087E-04
   5   3   1  -7.03535312500E-04
   6   3   1  -3.46944695195E-18
   7   3   1   7.03535312500E-04
   8   3   1  -2.39130697087E-04
   1   4   1   8.94880600814E-04
   2   4   1  -6.14759940234E-04
   3   4   1   6.14759940234E-04
   4   4   1  -8.94880600814E-04
   5   4   1  -1.43822342777E-05
   6   4   1  -4.55844277363E-04
   7   4   1   4.55844277363E-04
   8   4   1   1.43822342777E-05
   1   5   1   5.46926875000E-04
   2   5   1  -1.89424064445E-05
   3   5   1   0.00000000000E+00
   4   5   1   1.89424064445E-05
   5   5   1  -5.46926875000E-04
   6   5   1  -5.60413843555E-04
   7   5   1   0.00000000000E+00
   8   5   1   5.60413843555E-04
   1   6   1   2.16943650459E-05
   2   6   1   5.93738484278E-04
   3   6   1   4.55844277363E-04
   4   6   1  -4.55844277363E-04
   5   6   1  -5.93738484278E-04
   6   6   1  -2.16943650459E-05
   7   6   1  -3.42870467653E-03
   8   6   1   3.42870467653E-03
   1   7   1   3.52899656250E-03
   2   7   1   3.80433391967E-03
   3   7   1   7.03535312500E-04
   4   7   1  -4.33680868994E-19
   5   7   1  -7.03535312500E-04
   6   7   1  -3.80433391967E-03
   7   7   1  -3.52899656250E-03
   8   7   1   0.00000000000E+00
   1   8   1   7.28558556492E-02
   2   8   1   3.97603365236E-03
   3   8   1  -1.64610306523E-03
   4   8   1  -2.56353484278E-04
   5   8   1   2.56353484278E-04
   6   8   1   1.64610306523E-03
   7   8   1  -3.97603365236E-03
   8   8   1  -7.28558556492E-02
   1   3   1   1
   1   1   1   0.00000000000E+00
   2   1   1   0.00000000000E+00
   3   1   1   0.00000000000E+00
   4   1   1   0.00000000000E+00
   5   1   1   0.00000000000E+00
   6   1   1   0.00000000000E+00
   7   1   1   0.00000000000E+00
   8   1   1   0.00000000000E+00
   1   2   1   0.00000000000E+00
   2   2   1   0.00000000000E+00
   3   2   1   0.00000000000E+00
   4   2   1   0.00000000000E+00
   5   2   1   0.00000000000E+00
   6   2   1   0.00000000000E+00
   7   2   1   0.00000000000E+00
   8   2   1   0.00000000000E+00
   1   3   1   0.00000000000E+00
   2   3   1   0.00000000000E+00
   3   3   1   0.00000000000E+00
   4   3   1   0.00000000000E+00
   5   3   1   0.00000000000E+00
   6   3   1   0.00000000000E+00
   7   3   1   0.00000000000E+00
   8   3   1   0.00000000000E+00
   1   4   1   0.00000000000E+00
   2   4   1   0.00000000000E+00
   3   4   1   0.00000000000E+00
   4   4   1   0.00000000000E+00
   5   4   1   0.00000000000E+00
   6   4   1   0.00000000000E+00
   7   4   1   0.00000000000E+00
   8   4   1   0.00000000000E+00
   1   5   1   0.00000000000E+00
   2   5   1   0.00000000000E+00
   3   5   1   0.00000000000E+00
   4   5   1   0.00000000000E+00
   5   5   1   0.00000000000E+00
   6   5   1   0.00000000000E+00
   7   5   1   0.00000000000E+00
   8   5   1   0.00000000000E+00
   1   6   1   0.00000000000E+00
   2   6   1   0.00000000000E+00
   3   6   1   0.00000000000E+00
   4   6   1   0.00000000000E+00
   5   6   1   0.00000000000E+00
   6   6   1   0.00000000000E+00
   7   6   1   0.00000000000E+00
   8   6   1   0.00000000000E+00
   1   7   1   0.00000000000E+00
   2   7   1   0.00000000000E+00
   3   7   1   0.00000000000E+00
   4   7   1   0.00000000000E+00
   5   7   1   0.00000000000E+00
   6   7   1   0.00000000000E+00
   7   7   1   0.00000000000E+00
   8   7   1   0.00000000000E+00
   1   8   1   0.00000000000E+00
   2   8   1   0.00000000000E+00
   3   8   1   0.00000000000E+00
   4   8   1   0.00000000000E+00
   5   8   1   0.00000000000E+00
   6   8   1   0.00000000000E+00
   7   8   1   0.00000000000E+00
   8   8   1   0.00000000000E+00
   1   3   1   2
   1   1   1   0.00000000000E+00
   2   1   1   0.00000000000E+00
   3   1   1   0.00000000000E+00
   4   1   1   0.00000000000E+00
   5   1   1   0.00000000000E+00
   6   1   1   0.00000000000E+00
   7   1   1   0.00000000000E+00
   8   1   1   0.00000000000E+00
   1   2   1   0.00000000000E+00
   2   2   1   0.00000000000E+00
   3   2   1   0.00000000000E+00
   4   2   1   0.00000000000E+00
   5   2   1   0.00000000000E+00
   6   2   1   0.00000000000E+00
   7   2   1   0.00000000000E+00
   8   2   1   0.00000000000E+00
   1   3   1   0.00000000000E+00
   2   3   1   0.00000000000E+00
   3   3   1   0.00000000000E+00
   4   3   1   0.00000000000E+00
   5   3   1   0.00000000000E+00
   6   3   1   0.00000000000E+00
   7   3   1   0.00000000000E+00
   8   3   1   0.00000000000E+00
   1   4   1   0.00000000000E+00
   2   4   1   0.00000000000E+00
   3   4   1   0.00000000000E+00
   4   4   1   0.00000000000E+00
   5   4   1   0.00000000000E+00
   6   4   1   0.00000000000E+00
   7   4   1   0.00000000000E+00
   8   4   1   0.00000000000E+00
   1   5   1   0.00000000000E+00
   2   5   1   0.00000000000E+00
   3   5   1   0.00000000000E+00
   4   5   1   0.00000000000E+00
   5   5   1   0.00000000000E+00
   6   5   1   0.00000000000E+00
   7   5   1   0.00000000000E+00
   8   5   1   0.00000000000E+00
   1   6   1   0.00000000000E+00
   2   6   1   0.00000000000E+00
   3   6   1   0.00000000000E+00
   4   6   1   0.00000000000E+00
   5   6   1   0.00000000000E+00
   6   6   1   0.00000000000E+00
   7   6   1   0.00000000000E+00
   8   6   1   0.00000000000E+00
   1   7   1   0.00000000000E+00
   2   7   1   0.00000000000E+00
   3   7   1   0.00000000000E+00
   4   7   1   0.00000000000E+00
   5   7   1   0.00000000000E+00
   6   7   1   0.00000000000E+00
   7   7   1   0.00000000000E+00
   8   7   1   0.00000000000E+00
   1   8   1   0.00000000000E+00
   2   8   1   0.00000000000E+00
   3   8   1   0.00000000000E+00
   4   8   1   0.00000000000E+00
   5   8   1   0.00000000000E+00
   6   8   1   0.00000000000E+00
   7   8   1   0.00000000000E+00
   8   8   1   0.00000000000E+00
   1   3   2   1
   1   1   1   0.00000000000E+00
   2   1   1   0.00000000000E+00
   3   1   1   0.00000000000E+00
   4   1   1   0.00000000000E+00
   5   1   1   0.00000000000E+00
   6   1   1   0.00000000000E+00
   7   1   1   0.00000000000E+00
   8   1   1   0.00000000000E+00
   1   2   1   0.00000000000E+00
   2   2   1   0.00000000000E+00
   3   2   1   0.00000000000E+00
   4   2   1   0.00000000000E+00
   5   2   1   0.00000000000E+00
   6   2   1   0.00000000000E+00
   7   2   1   0.00000000000E+00
   8   2   1   0.00000000000E+00
   1   3   1   0.00000000000E+00
   2   3   1   0.00000000000E+00
   3   3   1   0.00000000000E+00
   4   3   1   0.00000000000E+00
   5   3   1   0.00000000000E+00
   6   3   1   0.00000000000E+00
   7   3   1   0.00000000000E+00
   8   3   1   0.00000000000E+00
   1   4   1   0.00000000000E+00
   2   4   1   0.00000000000E+00
   3   4   1   0.00000000000E+00
   4   4   1   0.00000000000E+00
   5   4   1   0.00000000000E+00
   6   4   1   0.00000000000E+00
   7   4   1   0.00000000000E+00
   8   4   1   0.00000000000E+00
   1   5   1   0.00000000000E+00
   2   5   1   0.00000000000E+00
   3   5   1   0.00000000000E+00
   4   5   1   0.00000000000E+00
   5   5   1   0.00000000000E+00
   6   5   1   0.00000000000E+00
   7   5   1   0.00000000000E+00
   8   5   1   0.00000000000E+00
   1   6   1   0.00000000000E+00
   2   6   1   0.00000000000E+00
   3   6   1   0.00000000000E+00
   4   6   1   0.00000000000E+00
   5   6   1   0.00000000000E+00
   6   6   1   0.00000000000E+00
   7   6   1   0.00000000000E+00
   8   6   1   0.00000000000E+00
   1   7   1   0.00000000000E+00
   2   7   1   0.00000000000E+00
   3   7   1   0.00000000000E+00
   4   7   1   0.00000000000E+00
   5   7   1   0.00000000000E+00
   6   7   1   0.00000000000E+00
   7   7   1   0.00000000000E+00
   8   7   1   0.00000000000E+00
   1   8   1   0.00000000000E+00
   2   8   1   0.00000000000E+00
   3   8   1   0.00000000000E+00
   4   8   1   0.00000000000E+00
   5   8   1   0.00000000000E+00
   6   8   1   0.00000000000E+00
   7   8   1   0.00000000000E+00
   8   8   1   0.00000000000E+00
   1   3   2   2
   1   1   1   0.00000000000E+00
   2   1   1   0.00000000000E+00
   3   1   1   0.00000000000E+00
   4   1   1   0.00000000000E+00
   5   1   1   0.00000000000E+00
   6   1   1   0.00000000000E+00
   7   1   1   0.00000000000E+00
   8   1   1   0.00000000000E+00
   1   2   1   0.00000000000E+00
   2   2   1   0.00000000000E+00
   3   2   1   0.00000000000E+00
   4   2   1   0.00000000000E+00
   5   2   1   0.00000000000E+00
   6   2   1   0.00000000000E+00
   7   2   1   0.00000000000E+00
   8   2   1   0.00000000000E+00
   1   3   1   0.00000000000E+00
   2   3   1   0.00000000000E+00
   3   3   1   0.00000000000E+00
   4   3   1   0.00000000000E+00
   5   3   1   0.00000000000E+00
   6   3   1   0.00000000000E+00
   7   3   1   0.00000000000E+00
   8   3   1   0.00000000000E+00
   1   4   1   0.00000000000E+00
   2   4   1   0.00000000000E+00
   3   4   1   0.00000000000E+00
   4   4   1   0.00000000000E+00
   5   4   1   0.00000000000E+00
   6   4   1   0.00000000000E+00
   7   4   1   0.00000000000E+00
   8   4   1   0.00000000000E+00
   1   5   1   0.00000000000E+00
   2   5   1   0.00000000000E+00
   3   5   1   0.00000000000E+00
   4   5   1   0.00000000000E+00
   5   5   1   0.00000000000E+00
   6   5   1   0.00000000000E+00
   7   5   1   0.00000000000E+00
   8   5   1   0.00000000000E+00
   1   6   1   0.00000000000E+00
   2   6   1   0.00000000000E+00
   3   6   1   0.00000000000E+00
   4   6   1   0.00000000000E+00
   5   6   1   0.00000000000E+00
   6   6   1   0.00000000000E+00
   7   6   1   0.00000000000E+00
   8   6   1   0.00000000000E+00
   1   7   1   0.00000000000E+00
   2   7   1   0.00000000000E+00
   3   7   1   0.00000000000E+00
   4   7   1   0.00000000000E+00
   5   7   1   0.00000000000E+00
   6   7   1   0.00000000000E+00
   7   7   1   0.00000000000E+00
   8   7   1   0.00000000000E+00
   1   8   1   0.00000000000E+00
   2   8   1   0.00000000000E+00
   3   8   1   0.00000000000E+00
   4   8   1   0.00000000000E+00
   5   8   1   0.00000000000E+00
   6   8   1   0.00000000000E+00
   7   8   1   0.00000000000E+00
   8   8   1   0.00000000000E+00
   2   1   1   1
   1   1   1   2.16840434497E-18
   2   1   1  -5.78620063212E-03
   3   1   1  -9.72187500000E-05
   4   1   1   4.36593117884E-04
   5   1   1  -4.33680868994E-19
   6   1   1  -4.36593117884E-04
   7   1   1   9.72187500000E-05
   8   1   1   5.78620063212E-03
   1   2   1   6.12834543850E-02
   2   2   1  -6.12834543850E-02
   3   2   1  -3.97603365236E-03
   4   2   1  -2.39736155153E-03
   5   2   1  -3.23002765722E-04
   6   2   1   3.23002765722E-04
   7   2   1   2.39736155153E-03
   8   2   1   3.97603365236E-03
   1   3   1   3.33455906250E-03
   2   3   1   4.33680868994E-18
   3   3   1  -3.33455906250E-03
   4   3   1   2.39130697087E-04
   5   3   1  -7.03535312500E-04
   6   3   1  -3.46944695195E-18
   7   3   1   7.03535312500E-04
   8   3   1  -2.39130697087E-04
   1   4   1   8.94880600814E-04
   2   4   1  -6.14759940234E-04
   3   4   1   6.14759940234E-04
   4   4   1  -8.94880600814E-04
   5   4   1  -1.43822342777E-05
   6   4   1  -4.55844277363E-04
   7   4   1   4.55844277363E-04
   8   4   1   1.43822342777E-05
   1   5   1   5.46926875000E-04
   2   5   1  -1.89424064445E-05
   3   5   1   0.00000000000E+00
   4   5   1   1.89424064445E-05
   5   5   1  -5.46926875000E-04
   6   5   1  -5.60413843555E-04
   7   5   1   0.00000000000E+00
   8   5   1   5.60413843555E-04
   1   6   1   2.16943650459E-05
   2   6   1   5.93738484278E-04
   3   6   1   4.55844277363E-04
   4   6   1  -4.55844277363E-04
   5   6   1  -5.93738484278E-04
   6   6   1  -2.16943650459E-05
   7   6   1  -3.42870467653E-03
   8   6   1   3.42870467653E-03
   1   7   1   3.52899656250E-03
   2   7   1   3.80433391967E-03
   3   7   1   7.03535312500E-04
   4   7   1  -4.33680868994E-19
   5   7   1  -7.03535312500E-04
   6   7   1  -3.80433391967E-03
   7   7   1  -3.52899656250E-03
   8   7   1   0.00000000000E+00
   1   8   1   7.28558556492E-02
   2   8   1   3.97603365236E-03
   3   8   1  -1.64610306523E-03
   4   8   1  -2.56353484278E-04
   5   8   1   2.56353484278E-04
   6   8   1   1.64610306523E-03
   7   8   1  -3.97603365236E-03
   8   8   1  -7.28558556492E-02
   2   1   1   2
   1   1   1   1.73472347598E-18
   2   1   1  -2.60360413144E-02
   3   1   1  -2.05202500000E-04
   4   1   1   4.50464310570E-04
   5   1   1   1.51788304148E-18
   6   1   1  -4.50464310570E-04
   7   1   1   2.05202500000E-04
   8   1   1   2.60360413144E-02
   1   2   1   1.47366357609E-01
   2   2   1  -1.47366357609E-01
   3   2   1   1.54023265622E-02
   4   2   1  -3.40191754704E-04
   5   2   1  -7.91202097383E-05
   6   2   1   7.91202097383E-05
   7   2   1   3.40191754704E-04
   8   2   1  -1.54023265622E-02
   1   3   1  -9.56056937500E-03
   2   3   1  -1.73472347598E-18
   3   3   1   9.56056937500E-03
   4   3   1   4.07778713798E-03
   5   3   1   9.62783750000E-04
   6   3   1  -4.33680868994E-19
   7   3   1  -9.62783750000E-04
   8   3   1  -4.07778713798E-03
   1   4   1  -4.49972719549E-04
   2   4   1  -3.49276537135E-03
   3   4   1   3.49276537135E-03
   4   4   1   4.49972719549E-04
   5   4   1   5.27715225322E-04
   6   4   1   4.19179576122E-04
   7   4   1  -4.19179576122E-04
   8   4   1  -5.27715225322E-04
   1   5   1  -5.11269375000E-04
   2   5   1  -5.32370604428E-04
   3   5   1  -1.73472347598E-18
   4   5   1   5.32370604428E-04
   5   5   1   5.11269375000E-04
   6   5   1   7.13262294277E-05
   7   5   1   1.51788304148E-18
   8   5   1  -7.13262294277E-05
   1   6   1  -5.90388859126E-04
   2   6   1  -1.52588959738E-04
   3   6   1  -5.18189687241E-04
   4   6   1   5.18189687241E-04
   5   6   1   1.52588959738E-04
   6   6   1   5.90388859126E-04
   7   6   1  -4.35068629704E-04
   8   6   1   4.35068629704E-04
   1   7   1  -7.90165000000E-04
   2   7   1  -8.19055042900E-05
   3   7   1  -6.80928125000E-04
   4   7   1   8.67361737988E-19
   5   7   1   6.80928125000E-04
   6   7   1   8.19055042901E-05
   7   7   1   7.90165000000E-04
   8   7   1  -8.67361737988E-19
   1   8   1   5.84175646955E-03
   2   8   1  -3.69796645112E-03
   3   8   1  -1.77571224635E-03
   4   8   1  -1.62738524678E-04
   5   8   1   1.62738524678E-04
   6   8   1   1.77571224635E-03
   7   8   1   3.69796645112E-03
   8   8   1  -5.84175646955E-03
   2   1   2   1
   1   1   1   1.73472347598E-18
   2   1   1   2.60360413144E-02
   3   1   1   2.05202500000E-04
   4   1   1  -4.50464310570E-04
   5   1   1   1.51788304148E-18
   6   1   1   4.50464310570E-04
   7   1   1  -2.05202500000E-04
   8   1   1  -2.60360413144E-02
   1   2   1   5.84175646955E-03
   2   2   1  -5.84175646955E-03
   3   2   1   3.69796645112E-03
   4   2   1   1.77571224635E-03
   5   2   1   1.62738524678E-04
   6   2   1  -1.62738524678E-04
   7   2   1  -1.77571224635E-03
   8   2   1  -3.69796645112E-03
   1   3   1  -7.90165000000E-04
   2   3   1  -8.67361737988E-19
   3   3   1   7.90165000000E-04
   4   3   1   8.19055042901E-05
   5   3   1   6.80928125000E-04
   6   3   1   8.67361737988E-19
   7   3   1  -6.80928125000E-04
   8   3   1  -8.19055042900E-05
   1   4   1  -5.90388859126E-04
   2   4   1   4.35068629704E-04
   3   4   1  -4.35068629704E-04
   4   4   1   5.90388859126E-04
   5   4   1   1.52588959738E-04
   6   4   1   5.18189687241E-04
   7   4   1  -5.18189687241E-04
   8   4   1  -1.52588959738E-04
   1   5   1  -5.11269375000E-04
   2   5   1  -7.13262294277E-05
   3   5   1   1.51788304148E-18
   4   5   1   7.13262294277E-05
   5   5   1   5.11269375000E-04
   6   5   1   5.32370604428E-04
   7   5   1  -1.73472347598E-18
   8   5   1  -5.32370604428E-04
   1   6   1  -4.49972719549E-04
   2   6   1  -5.27715225322E-04
   3   6   1  -4.19179576122E-04
   4   6   1   4.19179576122E-04
   5   6   1   5.27715225322E-04
   6   6   1   4.49972719549E-04
   7   6   1   3.49276537135E-03
   8   6   1  -3.49276537135E-03
   1   7   1  -9.56056937500E-03
   2   7   1  -4.07778713798E-03
   3   7   1  -9.62783750000E-04
   4   7   1  -4.33680868994E-19
   5   7   1   9.62783750000E-04
   6   7   1   4.07778713798E-03
   7   7   1   9.56056937500E-03
   8   7   1  -1.73472347598E-18
   1   8   1   1.47366357609E-01
   2   8   1  -1.54023265622E-02
   3   8   1   3.40191754704E-04
   4   8   1   7.91202097383E-05
   5   8   1  -7.91202097383E-05
   6   8   1  -3.40191754704E-04
   7   8   1   1.54023265622E-02
   8   8   1  -1.47366357609E-01
   2   1   2   2
   1   1   1   2.16840434497E-18
   2   1   1   5.78620063212E-03
   3   1   1   9.72187500000E-05
   4   1   1  -4.36593117884E-04
   5   1   1  -4.33680868994E-19
   6   1   1   4.36593117884E-04
   7   1   1  -9.72187500000E-05
   8   1   1  -5.78620063212E-03
   1   2   1   7.28558556492E-02
   2   2   1  -7.28558556492E-02
   3   2   1  -3.97603365236E-03
   4   2   1   1.64610306523E-03
   5   2   1   2.56353484278E-04
   6   2   1  -2.56353484278E-04
   7   2   1  -1.64610306523E-03
   8   2   1   3.97603365236E-03
   1   3   1   3.52899656250E-03
   2   3   1   0.00000000000E+00
   3   3   1  -3.52899656250E-03
   4   3   1  -3.80433391967E-03
   5   3   1  -7.03535312500E-04
   6   3   1  -4.33680868994E-19
   7   3   1   7.03535312500E-04
   8   3   1   3.80433391967E-03
   1   4   1   2.16943650459E-05
   2   4   1   3.42870467653E-03
   3   4   1  -3.42870467653E-03
   4   4   1  -2.16943650459E-05
   5   4   1  -5.93738484278E-04
   6   4   1  -4.55844277363E-04
   7   4   1   4.55844277363E-04
   8   4   1   5.93738484278E-04
   1   5   1   5.46926875000E-04
   2   5   1   5.60413843555E-04
   3   5   1   0.00000000000E+00
   4   5   1  -5.60413843555E-04
   5   5   1  -5.46926875000E-04
   6   5   1   1.89424064445E-05
   7   5   1   0.00000000000E+00
   8   5   1  -1.89424064445E-05
   1   6   1   8.94880600814E-04
   2   6   1   1.43822342777E-05
   3   6   1   4.55844277363E-04
   4   6   1  -4.55844277363E-04
   5   6   1  -1.43822342777E-05
   6   6   1  -8.94880600814E-04
   7   6   1   6.14759940234E-04
   8   6   1  -6.14759940234E-04
   1   7   1   3.33455906250E-03
   2   7   1  -2.39130697087E-04
   3   7   1   7.03535312500E-04
   4   7   1  -3.46944695195E-18
   5   7   1  -7.03535312500E-04
   6   7   1   2.39130697087E-04
   7   7   1  -3.33455906250E-03
   8   7   1   4.33680868994E-18
   1   8   1   6.12834543850E-02
   2   8   1   3.97603365236E-03
   3   8   1   2.39736155153E-03
   4   8   1   3.23002765722E-04
   5   8   1  -3.23002765722E-04
   6   8   1  -2.39736155153E-03
   7   8   1  -3.97603365236E-03
   8   8   1  -6.12834543850E-02
   2   2   1   1
   1   1   1   1.35875574547E+00
   2   1   1   5.65327167729E-02
   3   1   1   5.56248671875E-03
   4   1   1  -1.30732710356E-04
   5   1   1   8.04417187500E-05
   6   1   1  -1.30732710356E-04
   7   1   1   5.56248671875E-03
   8   1   1   5.65327167729E-02
   1   2   1  -5.96353326278E-02
   2   2   1  -5.96353326278E-02
   3   2   1  -4.39181814957E-03
   4   2   1   9.67574065936E-04
   5   2   1   1.52015548994E-04
   6   2   1   1.52015548994E-04
   7   2   1   9.67574065936E-04
   8   2   1  -4.39181814957E-03
   1   3   1  -3.81526718750E-04
   2   3   1  -1.12785098344E-02
   3   3   1  -3.81526718750E-04
   4   3   1  -1.46937359375E-03
   5   3   1  -7.18673593750E-04
   6   3   1  -1.38936103050E-04
   7   3   1  -7.18673593750E-04
   8   3   1  -1.46937359375E-03
   1   4   1  -9.24508934657E-04
   2   4   1  -2.11998250344E-03
   3   4   1  -2.11998250344E-03
   4   4   1  -9.24508934657E-04
   5   4   1  -3.16913361494E-04
   6   4   1  -9.28480287934E-04
   7   4   1  -9.28480287934E-04
   8   4   1  -3.16913361494E-04
   1   5   1  -8.66861406250E-04
   2   5   1  -3.74632343750E-04
   3   5   1  -1.93723203125E-03
   4   5   1  -3.74632343750E-04
   5   5   1  -8.66861406250E-04
   6   5   1  -3.74632343750E-04
   7   5   1  -1.93723203125E-03
   8   5   1  -3.74632343750E-04
   1   6   1  -9.24508934657E-04
   2   6   1  -3.16913361494E-04
   3   6   1  -9.28480287934E-04
   4   6   1  -9.28480287934E-04
   5   6   1  -3.16913361494E-04
   6   6   1  -9.24508934657E-04
   7   6   1  -2.11998250344E-03
   8   6   1  -2.11998250344E-03
   1   7   1  -3.81526718750E-04
   2   7   1  -1.46937359375E-03
   3   7   1  -7.18673593750E-04
   4   7   1  -1.38936103050E-04
   5   7   1  -7.18673593750E-04
   6   7   1  -1.46937359375E-03
   7   7   1  -3.81526718750E-04
   8   7   1  -1.12785098344E-02
   1   8   1  -5.96353326278E-02
   2   8   1  -4.39181814957E-03
   3   8   1   9.67574065936E-04
   4   8   1   1.52015548994E-04
   5   8   1   1.52015548994E-04
   6   8   1   9.67574065936E-04
   7   8   1  -4.39181814957E-03
   8   8   1  -5.96353326278E-02
   2   2   1   2
   1   1   1  -5.65692582344E-01
   2   1   1  -2.67440226200E-02
   3   1   1  -3.50879671875E-03
   4   1   1   2.88414182469E-04
   5   1   1   2.34390625000E-06
   6   1   1   2.88414182469E-04
   7   1   1  -3.50879671875E-03
   8   1   1  -2.67440226200E-02
   1   2   1  -3.10446562249E-01
   2   2   1  -3.10446562249E-01
   3   2   1   1.52636295540E-04
   4   2   1  -1.40116454414E-03
   5   2   1  -1.81922747194E-04
   6   2   1  -1.81922747194E-04
   7   2   1  -1.40116454414E-03
   8   2   1   1.52636295540E-04
   1   3   1  -9.96558203125E-03
   2   3   1   1.83517259116E-02
   3   3   1  -9.96558203125E-03
   4   3   1   2.42811390625E-03
   5   3   1   1.04639859375E-03
   6   3   1   2.37749400879E-04
   7   3   1   1.04639859375E-03
   8   3   1   2.42811390625E-03
   1   4   1  -3.25599266606E-05
   2   4   1   2.89627154669E-03
   3   4   1   2.89627154669E-03
   4   4   1  -3.25599266606E-05
   5   4   1   2.92838570565E-04
   6   4   1   1.09695072387E-03
   7   4   1   1.09695072387E-03
   8   4   1   2.92838570565E-04
   1   5   1   8.40658281250E-04
   2   5   1   4.30278967803E-04
   3   5   1   1.88868578125E-03
   4   5   1   4.30278967803E-04
   5   5   1   8.40658281250E-04
   6   5   1   3.61290094697E-04
   7   5   1   1.82299078125E-03
   8   5   1   3.61290094697E-04
   1   6   1   7.03619436681E-04
   2   6   1   2.66636184694E-04
   3   6   1   8.90052766960E-04
   4   6   1   8.90052766960E-04
   5   6   1   2.66636184694E-04
   6   6   1   7.03619436681E-04
   7   6   1   1.96042860664E-03
   8   6   1   1.96042860664E-03
   1   7   1  -6.21788281250E-04
   2   7   1   1.21050515625E-03
   3   7   1   6.08182343750E-04
   4   7   1   8.69505014521E-05
   5   7   1   6.08182343750E-04
   6   7   1   1.21050515625E-03
   7   7   1  -6.21788281250E-04
   8   7   1   9.49104731105E-03
   1   8   1   1.67120296142E-02
   2   8   1   2.54085083863E-03
   3   8   1  -1.18693998419E-03
   4   8   1  -2.89347633065E-04
   5   8   1  -2.89347633065E-04
   6   8   1  -1.18693998419E-03
   7   8   1   2.54085083863E-03
   8   8   1   1.67120296142E-02
   2   2   2   1
   1   1   1  -5.65692582344E-01
   2   1   1  -2.67440226200E-02
   3   1   1  -3.50879671875E-03
   4   1   1   2.88414182469E-04
   5   1   1   2.34390625000E-06
   6   1   1   2.88414182469E-04
   7   1   1  -3.50879671875E-03
   8   1   1  -2.67440226200E-02
   1   2   1   1.67120296142E-02
   2   2   1   1.67120296142E-02
   3   2   1   2.54085083863E-03
   4   2   1  -1.18693998419E-03
   5   2   1  -2.89347633065E-04
   6   2   1  -2.89347633065E-04
   7   2   1  -1.18693998419E-03
   8   2   1   2.54085083863E-03
   1   3   1  -6.21788281250E-04
   2   3   1   9.49104731105E-03
   3   3   1  -6.21788281250E-04
   4   3   1   1.21050515625E-03
   5   3   1   6.08182343750E-04
   6   3   1   8.69505014521E-05
   7   3   1   6.08182343750E-04
   8   3   1   1.21050515625E-03
   1   4   1   7.03619436681E-04
   2   4   1   1.96042860664E-03
   3   4   1   1.96042860664E-03
   4   4   1   7.03619436681E-04
   5   4   1   2.66636184694E-04
   6   4   1   8.90052766960E-04
   7   4   1   8.90052766960E-04
   8   4   1   2.66636184694E-04
   1   5   1   8.40658281250E-04
   2   5   1   3.61290094697E-04
   3   5   1   1.82299078125E-03
   4   5   1   3.61290094697E-04
   5   5   1   8.40658281250E-04
   6   5   1   4.30278967803E-04
   7   5   1   1.88868578125E-03
   8   5   1   4.30278967803E-04
   1   6   1  -3.25599266606E-05
   2   6   1   2.92838570565E-04
   3   6   1   1.09695072387E-03
   4   6   1   1.09695072387E-03
   5   6   1   2.92838570565E-04
   6   6   1  -3.25599266606E-05
   7   6   1   2.89627154669E-03
   8   6   1   2.89627154669E-03
   1   7   1  -9.96558203125E-03
   2   7   1   2.42811390625E-03
   3   7   1   1.04639859375E-03
   4   7   1   2.37749400879E-04
   5   7   1   1.04639859375E-03
   6   7   1   2.42811390625E-03
   7   7   1  -9.96558203125E-03
   8   7   1   1.83517259116E-02
   1   8   1  -3.10446562249E-01
   2   8   1   1.52636295540E-04
   3   8   1  -1.40116454414E-03
   4   8   1  -1.81922747194E-04
   5   8   1  -1.81922747194E-04
   6   8   1  -1.40116454414E-03
   7   8   1   1.52636295540E-04
   8   8   1  -3.10446562249E-01
   2   2   2   2
   1   1   1   1.35875574547E+00
   2   1   1   5.65327167729E-02
   3   1   1   5.56248671875E-03
   4   1   1  -1.30732710356E-04
   5   1   1   8.04417187500E-05
   6   1   1  -1.30732710356E-04
   7   1   1   5.56248671875E-03
   8   1   1   5.65327167729E-02
   1   2   1  -5.96353326278E-02
   2   2   1  -5.96353326278E-02
   3   2   1  -4.39181814957E-03
   4   2   1   9.67574065936E-04
   5   2   1   1.52015548994E-04
   6   2   1   1.52015548994E-04
   7   2   1   9.67574065936E-04
   8   2   1  -4.39181814957E-03
   1   3   1  -3.81526718750E-04
   2   3   1  -1.12785098344E-02
   3   3   1  -3.81526718750E-04
   4   3   1  -1.46937359375E-03
   5   3   1  -7.18673593750E-04
   6   3   1  -1.38936103050E-04
   7   3   1  -7.18673593750E-04
   8   3   1  -1.46937359375E-03
   1   4   1  -9.24508934657E-04
   2   4   1  -2.11998250344E-03
   3   4   1  -2.11998250344E-03
   4   4   1  -9.24508934657E-04
   5   4   1  -3.16913361494E-04
   6   4   1  -9.28480287934E-04
   7   4   1  -9.28480287934E-04
   8   4   1  -3.16913361494E-04
   1   5   1  -8.66861406250E-04
   2   5   1  -3.74632343750E-04
   3   5   1  -1.93723203125E-03
   4   5   1  -3.74632343750E-04
   5   5   1  -8.66861406250E-04
   6   5   1  -3.74632343750E-04
   7   5   1  -1.93723203125E-03
   8   5   1  -3.74632343750E-04
   1   6   1  -9.24508934657E-04
   2   6   1  -3.16913361494E-04
   3   6   1  -9.28480287934E-04
   4   6   1  -9.28480287934E-04
   5   6   1  -3.16913361494E-04
   6   6   1  -9.24508934657E-04
   7   6   1  -2.11998250344E-03
   8   6   1  -2.11998250344E-03
   1   7   1  -3.81526718750E-04
   2   7   1  -1.46937359375E-03
   3   7   1  -7.18673593750E-04
   4   7   1  -1.38936103050E-04
   5   7   1  -7.18673593750E-04
   6   7   1  -1.46937359375E-03
   7   7   1  -3.81526718750E-04
   8   7   1  -1.12785098344E-02
   1   8   1  -5.96353326278E-02
   2   8   1  -4.39181814957E-03
   3   8   1   9.67574065936E-04
   4   8   1   1.52015548994E-04
   5   8   1   1.52015548994E-04
   6   8   1   9.67574065936E-04
   7   8   1  -4.39181814957E-03
   8   8   1  -5.96353326278E-02
   2   3   1   1
   1   1   1   0.00000000000E+00
   2   1   1   0.00000000000E+00
   3   1   1   0.00000000000E+00
   4   1   1   0.00000000000E+00
   5   1   1   0.00000000000E+00
   6   1   1   0.00000000000E+00
   7   1   1   0.00000000000E+00
   8   1   1   0.00000000000E+00
   1   2   1   0.00000000000E+00
   2   2   1   0.00000000000E+00
   3   2   1   0.00000000000E+00
   4   2   1   0.00000000000E+00
   5   2   1   0.00000000000E+00
   6   2   1   0.00000000000E+00
   7   2   1   0.00000000000E+00
   8   2   1   0.00000000000E+00
   1   3   1   0.00000000000E+00
   2   3   1   0.00000000000E+00
   3   3   1   0.00000000000E+00
   4   3   1   0.00000000000E+00
   5   3   1   0.00000000000E+00
   6   3   1   0.00000000000E+00
   7   3   1   0.00000000000E+00
   8   3   1   0.00000000000E+00
   1   4   1   0.00000000000E+00
   2   4   1   0.00000000000E+00
   3   4   1   0.00000000000E+00
   4   4   1   0.00000000000E+00
   5   4   1   0.00000000000E+00
   6   4   1   0.00000000000E+00
   7   4   1   0.00000000000E+00
   8   4   1   0.00000000000E+00
   1   5   1   0.00000000000E+00
   2   5   1   0.00000000000E+00
   3   5   1   0.00000000000E+00
   4   5   1   0.00000000000E+00
   5   5   1   0.00000000000E+00
   6   5   1   0.00000000000E+00
   7   5   1   0.00000000000E+00
   8   5   1   0.00000000000E+00
   1   6   1   0.00000000000E+00
   2   6   1   0.00000000000E+00
   3   6   1   0.00000000000E+00
   4   6   1   0.00000000000E+00
   5   6   1   0.00000000000E+00
   6   6   1   0.00000000000E+00
   7   6   1   0.00000000000E+00
   8   6   1   0.00000000000E+00
   1   7   1   0.00000000000E+00
   2   7   1   0.00000000000E+00
   3   7   1   0.00000000000E+00
   4   7   1   0.00000000000E+00
   5   7   1   0.00000000000E+00
   6   7   1   0.00000000000E+00
   7   7   1   0.00000000000E+00
   8   7   1   0.00000000000E+00
   1   8   1   0.00000000000E+00
   2   8   1   0.00000000000E+00
   3   8   1   0.00000000000E+00
   4   8   1   0.00000000000E+00
   5   8   1   0.00000000000E+00
   6   8   1   0.00000000000E+00
   7   8   1   0.00000000000E+00
   8   8   1   0.00000000000E+00
   2   3   1   2
   1   1   1   0.00000000000E+00
   2   1   1   0.00000000000E+00
   3   1   1   0.00000000000E+00
   4   1   1   0.00000000000E+00
   5   1   1   0.00000000000E+00
   6   1   1   0.00000000000E+00
   7   1   1   0.00000000000E+00
   8   1   1   0.00000000000E+00
   1   2   1   0.00000000000E+00
   2   2   1   0.00000000000E+00
   3   2   1   0.00000000000E+00
   4   2   1   0.00000000000E+00
   5   2   1   0.00000000000E+00
   6   2   1   0.00000000000E+00
   7   2   1   0.00000000000E+00
   8   2   1   0.00000000000E+00
   1   3   1   0.00000000000E+00
   2   3   1   0.00000000000E+00
   3   3   1   0.00000000000E+00
   4   3   1   0.00000000000E+00
   5   3   1   0.00000000000E+00
   6   3   1   0.00000000000E+00
   7   3   1   0.00000000000E+00
   8   3   1   0.00000000000E+00
   1   4   1   0.00000000000E+00
   2   4   1   0.00000000000E+00
   3   4   1   0.00000000000E+00
   4   4   1   0.00000000000E+00
   5   4   1   0.00000000000E+00
   6   4   1   0.00000000000E+00
   7   4   1   0.00000000000E+00
   8   4   1   0.00000000000E+00
   1   5   1   0.00000000000E+00
   2   5   1   0.00000000000E+00
   3   5   1   0.00000000000E+00
   4   5   1   0.00000000000E+00
   5   5   1   0.00000000000E+00
   6   5   1   0.00000000000E+00
   7   5   1   0.00000000000E+00
   8   5   1   0.00000000000E+00
   1   6   1   0.00000000000E+00
   2   6   1   0.00000000000E+00
   3   6   1   0.00000000000E+00
   4   6   1   0.00000000000E+00
   5   6   1   0.00000000000E+00
   6   6   1   0.00000000000E+00
   7   6   1   0.00000000000E+00
   8   6   1   0.00000000000E+00
   1   7   1   0.00000000000E+00
   2   7   1   0.00000000000E+00
   3   7   1   0.00000000000E+00
   4   7   1   0.00000000000E+00
   5   7   1   0.00000000000E+00
   6   7   1   0.00000000000E+00
   7   7   1   0.00000000000E+00
   8   7   1   0.00000000000E+00
   1   8   1   0.00000000000E+00
   2   8   1   0.00000000000E+00
   3   8   1   0.00000000000E+00
   4   8   1   0.00000000000E+00
   5   8   1   0.00000000000E+00
   6   8   1   0.00000000000E+00
   7   8   1   0.00000000000E+00
   8   8   1   0.00000000000E+00
   2   3   2   1
   1   1   1   0.00000000000E+00
   2   1   1   0.00000000000E+00
   3   1   1   0.00000000000E+00
   4   1   1   0.00000000000E+00
   5   1   1   0.00000000000E+00
   6   1   1   0.00000000000E+00
   7   1   1   0.00000000000E+00
   8   1   1   0.00000000000E+00
   1   2   1   0.00000000000E+00
   2   2   1   0.00000000000E+00
   3   2   1   0.00000000000E+00
   4   2   1   0.00000000000E+00
   5   2   1   0.00000000000E+00
   6   2   1   0.00000000000E+00
   7   2   1   0.00000000000E+00
   8   2   1   0.00000000000E+00
   1   3   1   0.00000000000E+00
   2   3   1   0.00000000000E+00
   3   3   1   0.00000000000E+00
   4   3   1   0.00000000000E+00
   5   3   1   0.00000000000E+00
   6   3   1   0.00000000000E+00
   7   3   1   0.00000000000E+00
   8   3   1   0.00000000000E+00
   1   4   1   0.00000000000E+00
   2   4   1   0.00000000000E+00
   3   4   1   0.00000000000E+00
   4   4   1   0.00000000000E+00
   5   4   1   0.00000000000E+00
   6   4   1   0.00000000000E+00
   7   4   1   0.00000000000E+00
   8   4   1   0.00000000000E+00
   1   5   1   0.00000000000E+00
   2   5   1   0.00000000000E+00
   3   5   1   0.00000000000E+00
   4   5   1   0.00000000000E+00
   5   5   1   0.00000000000E+00
   6   5   1   0.00000000000E+00
   7   5   1   0.00000000000E+00
   8   5   1   0.00000000000E+00
   1   6   1   0.00000000000E+00
   2   6   1   0.00000000000E+00
   3   6   1   0.00000000000E+00
   4   6   1   0.00000000000E+00
   5   6   1   0.00000000000E+00
   6   6   1   0.00000000000E+00
   7   6   1   0.00000000000E+00
   8   6   1   0.00000000000E+00
   1   7   1   0.00000000000E+00
   2   7   1   0.00000000000E+00
   3   7   1   0.00000000000E+00
   4   7   1   0.00000000000E+00
   5   7   1   0.00000000000E+00
   6   7   1   0.00000000000E+00
   7   7   1   0.00000000000E+00
   8   7   1   0.00000000000E+00
   1   8   1   0.00000000000E+00
   2   8   1   0.00000000000E+00
   3   8   1   0.00000000000E+00
   4   8   1   0.00000000000E+00
   5   8   1   0.00000000000E+00
   6   8   1   0.00000000000E+00
   7   8   1   0.00000000000E+00
   8   8   1   0.00000000000E+00
   2   3   2   2
   1   1   1   0.00000000000E+00
   2   1   1   0.00000000000E+00
   3   1   1   0.00000000000E+00
   4   1   1   0.00000000000E+00
   5   1   1   0.00000000000E+00
   6   1   1   0.00000000000E+00
   7   1   1   0.00000000000E+00
   8   1   1   0.00000000000E+00
   1   2   1   0.00000000000E+00
   2   2   1   0.00000000000E+00
   3   2   1   0.00000000000E+00
   4   2   1   0.00000000000E+00
   5   2   1   0.00000000000E+00
   6   2   1   0.00000000000E+00
   7   2   1   0.00000000000E+00
   8   2   1   0.00000000000E+00
   1   3   1   0.00000000000E+00
   2   3   1   0.00000000000E+00
   3   3   1   0.00000000000E+00
   4   3   1   0.00000000000E+00
   5   3   1   0.00000000000E+00
   6   3   1   0.00000000000E+00
   7   3   1   0.00000000000E+00
   8   3   1   0.00000000000E+00
   1   4   1   0.00000000000E+00
   2   4   1   0.00000000000E+00
   3   4   1   0.00000000000E+00
   4   4   1   0.00000000000E+00
   5   4   1   0.00000000000E+00
   6   4   1   0.00000000000E+00
   7   4   1   0.00000000000E+00
   8   4   1   0.00000000000E+00
   1   5   1   0.00000000000E+00
   2   5   1   0.00000000000E+00
   3   5   1   0.00000000000E+00
   4   5   1   0.00000000000E+00
   5   5   1   0.00000000000E+00
   6   5   1   0.00000000000E+00
   7   5   1   0.00000000000E+00
   8   5   1   0.00000000000E+00
   1   6   1   0.00000000000E+00
   2   6   1   0.00000000000E+00
   3   6   1   0.00000000000E+00
   4   6   1   0.00000000000E+00
   5   6   1   0.00000000000E+00
   6   6   1   0.00000000000E+00
   7   6   1   0.00000000000E+00
   8   6   1   0.00000000000E+00
   1   7   1   0.00000000000E+00
   2   7   1   0.00000000000E+00
   3   7   1   0.00000000000E+00
   4   7   1   0.00000000000E+00
   5   7   1   0.00000000000E+00
   6   7   1   0.00000000000E+00
   7   7   1   0.00000000000E+00
   8   7   1   0.00000000000E+00
   1   8   1   0.00000000000E+00
   2   8   1   0.00000000000E+00
   3   8   1   0.00000000000E+00
   4   8   1   0.00000000000E+00
   5   8   1   0.00000000000E+00
   6   8   1   0.00000000000E+00
   7   8   1   0.00000000000E+00
   8   8   1   0.00000000000E+00
   3   1   1   1
   1   1   1   0.00000000000E+00
   2   1   1   0.00000000000E+00
   3   1   1   0.00000000000E+00
   4   1   1   0.00000000000E+00
   5   1   1   0.00000000000E+00
   6   1   1   0.00000000000E+00
   7   1   1   0.00000000000E+00
   8   1   1   0.00000000000E+00
   1   2   1   0.00000000000E+00
   2   2   1   0.00000000000E+00
   3   2   1   0.00000000000E+00
   4   2   1   0.00000000000E+00
   5   2   1   0.00000000000E+00
   6   2   1   0.00000000000E+00
   7   2   1   0.00000000000E+00
   8   2   1   0.00000000000E+00
   1   3   1   0.00000000000E+00
   2   3   1   0.00000000000E+00
   3   3   1   0.00000000000E+00
   4   3   1   0.00000000000E+00
   5   3   1   0.00000000000E+00
   6   3   1   0.00000000000E+00
   7   3   1   0.00000000000E+00
   8   3   1   0.00000000000E+00
   1   4   1   0.00000000000E+00
   2   4   1   0.00000000000E+00
   3   4   1   0.00000000000E+00
   4   4   1   0.00000000000E+00
   5   4   1   0.00000000000E+00
   6   4   1   0.00000000000E+00
   7   4   1   0.00000000000E+00
   8   4   1   0.00000000000E+00
   1   5   1   0.00000000000E+00
   2   5   1   0.00000000000E+00
   3   5   1   0.00000000000E+00
   4   5   1   0.00000000000E+00
   5   5   1   0.00000000000E+00
   6   5   1   0.00000000000E+00
   7   5   1   0.00000000000E+00
   8   5   1   0.00000000000E+00
   1   6   1   0.00000000000E+00
   2   6   1   0.00000000000E+00
   3   6   1   0.00000000000E+00
   4   6   1   0.00000000000E+00
   5   6   1   0.00000000000E+00
   6   6   1   0.00000000000E+00
   7   6   1   0.00000000000E+00
   8   6   1   0.00000000000E+00
   1   7   1   0.00000000000E+00
   2   7   1   0.00000000000E+00
   3   7   1   0.00000000000E+00
   4   7   1   0.00000000000E+00
   5   7   1   0.00000000000E+00
   6   7   1   0.00000000000E+00
   7   7   1   0.00000000000E+00
   8   7   1   0.00000000000E+00
   1   8   1   0.00000000000E+00
   2   8   1   0.00000000000E+00
   3   8   1   0.00000000000E+00
   4   8   1   0.00000000000E+00
   5   8   1   0.00000000000E+00
   6   8   1   0.00000000000E+00
   7   8   1   0.00000000000E+00
   8   8   1   0.00000000000E+00
   3   1   1   2
   1   1   1   0.00000000000E+00
   2   1   1   0.00000000000E+00
   3   1   1   0.00000000000E+00
   4   1   1   0.00000000000E+00
   5   1   1   0.00000000000E+00
   6   1   1   0.00000000000E+00
   7   1   1   0.00000000000E+00
   8   1   1   0.00000000000E+00
   1   2   1   0.00000000000E+00
   2   2   1   0.00000000000E+00
   3   2   1   0.00000000000E+00
   4   2   1   0.00000000000E+00
   5   2   1   0.00000000000E+00
   6   2   1   0.00000000000E+00
   7   2   1   0.00000000000E+00
   8   2   1   0.00000000000E+00
   1   3   1   0.00000000000E+00
   2   3   1   0.00000000000E+00
   3   3   1   0.00000000000E+00
   4   3   1   0.00000000000E+00
   5   3   1   0.00000000000E+00
   6   3   1   0.00000000000E+00
   7   3   1   0.00000000000E+00
   8   3   1   0.00000000000E+00
   1   4   1   0.00000000000E+00
   2   4   1   0.00000000000E+00
   3   4   1   0.00000000000E+00
   4   4   1   0.00000000000E+00
   5   4   1   0.00000000000E+00
   6   4   1   0.00000000000E+00
   7   4   1   0.00000000000E+00
   8   4   1   0.00000000000E+00
   1   5   1   0.00000000000E+00
   2   5   1   0.00000000000E+00
   3   5   1   0.00000000000E+00
   4   5   1   0.00000000000E+00
   5   5   1   0.00000000000E+00
   6   5   1   0.00000000000E+00
   7   5   1   0.00000000000E+00
   8   5   1   0.00000000000E+00
   1   6   1   0.00000000000E+00
   2   6   1   0.00000000000E+00
   3   6   1   0.00000000000E+00
   4   6   1   0.00000000000E+00
   5   6   1   0.00000000000E+00
   6   6   1   0.00000000000E+00
   7   6   1   0.00000000000E+00
   8   6   1   0.00000000000E+00
   1   7   1   0.00000000000E+00
   2   7   1   0.00000000000E+00
   3   7   1   0.00000000000E+00
   4   7   1   0.00000000000E+00
   5   7   1   0.00000000000E+00
   6   7   1   0.00000000000E+00
   7   7   1   0.00000000000E+00
   8   7   1   0.00000000000E+00
   1   8   1   0.00000000000E+00
   2   8   1   0.00000000000E+00
   3   8   1   0.00000000000E+00
   4   8   1   0.00000000000E+00
   5   8   1   0.00000000000E+00
   6   8   1   0.00000000000E+00
   7   8   1   0.00000000000E+00
   8   8   1   0.00000000000E+00
   3   1   2   1
   1   1   1   0.00000000000E+00
   2   1   1   0.00000000000E+00
   3   1   1   0.00000000000E+00
   4   1   1   0.00000000000E+00
   5   1   1   0.00000000000E+00
   6   1   1   0.00000000000E+00
   7   1   1   0.00000000000E+00
   8   1   1   0.00000000000E+00
   1   2   1   0.00000000000E+00
   2   2   1   0.00000000000E+00
   3   2   1   0.00000000000E+00
   4   2   1   0.00000000000E+00
   5   2   1   0.00000000000E+00
   6   2   1   0.00000000000E+00
   7   2   1   0.00000000000E+00
   8   2   1   0.00000000000E+00
   1   3   1   0.00000000000E+00
   2   3   1   0.00000000000E+00
   3   3   1   0.00000000000E+00
   4   3   1   0.00000000000E+00
   5   3   1   0.00000000000E+00
   6   3   1   0.00000000000E+00
   7   3   1   0.00000000000E+00
   8   3   1   0.00000000000E+00
   1   4   1   0.00000000000E+00
   2   4   1   0.00000000000E+00
   3   4   1   0.00000000000E+00
   4   4   1   0.00000000000E+00
   5   4   1   0.00000000000E+00
   6   4   1   0.00000000000E+00
   7   4   1   0.00000000000E+00
   8   4   1   0.00000000000E+00
   1   5   1   0.00000000000E+00
   2   5   1   0.00000000000E+00
   3   5   1   0.00000000000E+00
   4   5   1   0.00000000000E+00
   5   5   1   0.00000000000E+00
   6   5   1   0.00000000000E+00
   7   5   1   0.00000000000E+00
   8   5   1   0.00000000000E+00
   1   6   1   0.00000000000E+00
   2   6   1   0.00000000000E+00
   3   6   1   0.00000000000E+00
   4   6   1   0.00000000000E+00
   5   6   1   0.00000000000E+00
   6   6   1   0.00000000000E+00
   7   6   1   0.00000000000E+00
   8   6   1   0.00000000000E+00
   1   7   1   0.00000000000E+00
   2   7   1   0.00000000000E+00
   3   7   1   0.00000000000E+00
   4   7   1   0.00000000000E+00
   5   7   1   0.00000000000E+00
   6   7   1   0.00000000000E+00
   7   7   1   0.00000000000E+00
   8   7   1   0.00000000000E+00
   1   8   1   0.00000000000E+00
   2   8   1   0.00000000000E+00
   3   8   1   0.00000000000E+00
   4   8   1   0.00000000000E+00
   5   8   1   0.00000000000E+00
   6   8   1   0.00000000000E+00
   7   8   1   0.00000000000E+00
   8   8   1   0.00000000000E+00
   3   1   2   2
   1   1   1   0.00000000000E+00
   2   1   1   0.00000000000E+00
   3   1   1   0.00000000000E+00
   4   1   1   0.00000000000E+00
   5   1   1   0.00000000000E+00
   6   1   1   0.00000000000E+00
   7   1   1   0.00000000000E+00
   8   1   1   0.00000000000E+00
   1   2   1   0.00000000000E+00
   2   2   1   0.00000000000E+00
   3   2   1   0.00000000000E+00
   4   2   1   0.00000000000E+00
   5   2   1   0.00000000000E+00
   6   2   1   0.00000000000E+00
   7   2   1   0.00000000000E+00
   8   2   1   0.00000000000E+00
   1   3   1   0.00000000000E+00
   2   3   1   0.00000000000E+00
   3   3   1   0.00000000000E+00
   4   3   1   0.00000000000E+00
   5   3   1   0.00000000000E+00
   6   3   1   0.00000000000E+00
   7   3   1   0.00000000000E+00
   8   3   1   0.00000000000E+00
   1   4   1   0.00000000000E+00
   2   4   1   0.00000000000E+00
   3   4   1   0.00000000000E+00
   4   4   1   0.00000000000E+00
   5   4   1   0.00000000000E+00
   6   4   1   0.00000000000E+00
   7   4   1   0.00000000000E+00
   8   4   1   0.00000000000E+00
   1   5   1   0.00000000000E+00
   2   5   1   0.00000000000E+00
   3   5   1   0.00000000000E+00
   4   5   1   0.00000000000E+00
   5   5   1   0.00000000000E+00
   6   5   1   0.00000000000E+00
   7   5   1   0.00000000000E+00
   8   5   1   0.00000000000E+00
   1   6   1   0.00000000000E+00
   2   6   1   0.00000000000E+00
   3   6   1   0.00000000000E+00
   4   6   1   0.00000000000E+00
   5   6   1   0.00000000000E+00
   6   6   1   0.00000000000E+00
   7   6   1   0.00000000000E+00
   8   6   1   0.00000000000E+00
   1   7   1   0.00000000000E+00
   2   7   1   0.00000000000E+00
   3   7   1   0.00000000000E+00
   4   7   1   0.00000000000E+00
   5   7   1   0.00000000000E+00
   6   7   1   0.00000000000E+00
   7   7   1   0.00000000000E+00
   8   7   1   0.00000000000E+00
   1   8   1   0.00000000000E+00
   2   8   1   0.00000000000E+00
   3   8   1   0.00000000000E+00
   4   8   1   0.00000000000E+00
   5   8   1   0.00000000000E+00
   6   8   1   0.00000000000E+00
   7   8   1   0.00000000000E+00
   8   8   1   0.00000000000E+00
   3   2   1   1
   1   1   1   0.00000000000E+00
   2   1   1   0.00000000000E+00
   3   1   1   0.00000000000E+00
   4   1   1   0.00000000000E+00
   5   1   1   0.00000000000E+00
   6   1   1   0.00000000000E+00
   7   1   1   0.00000000000E+00
   8   1   1   0.00000000000E+00
   1   2   1   0.00000000000E+00
   2   2   1   0.00000000000E+00
   3   2   1   0.00000000000E+00
   4   2   1   0.00000000000E+00
   5   2   1   0.00000000000E+00
   6   2   1   0.00000000000E+00
   7   2   1   0.00000000000E+00
   8   2   1   0.00000000000E+00
   1   3   1   0.00000000000E+00
   2   3   1   0.00000000000E+00
   3   3   1   0.00000000000E+00
   4   3   1   0.00000000000E+00
   5   3   1   0.00000000000E+00
   6   3   1   0.00000000000E+00
   7   3   1   0.00000000000E+00
   8   3   1   0.00000000000E+00
   1   4   1   0.00000000000E+00
   2   4   1   0.00000000000E+00
   3   4   1   0.00000000000E+00
   4   4   1   0.00000000000E+00
   5   4   1   0.00000000000E+00
   6   4   1   0.00000000000E+00
   7   4   1   0.00000000000E+00
   8   4   1   0.00000000000E+00
   1   5   1   0.00000000000E+00
   2   5   1   0.00000000000E+00
   3   5   1   0.00000000000E+00
   4   5   1   0.00000000000E+00
   5   5   1   0.00000000000E+00
   6   5   1   0.00000000000E+00
   7   5   1   0.00000000000E+00
   8   5   1   0.00000000000E+00
   1   6   1   0.00000000000E+00
   2   6   1   0.00000000000E+00
   3   6   1   0.00000000000E+00
   4   6   1   0.00000000000E+00
   5   6   1   0.00000000000E+00
   6   6   1   0.00000000000E+00
   7   6   1   0.00000000000E+00
   8   6   1   0.00000000000E+00
   1   7   1   0.00000000000E+00
   2   7   1   0.00000000000E+00
   3   7   1   0.00000000000E+00
   4   7   1   0.00000000000E+00
   5   7   1   0.00000000000E+00
   6   7   1   0.00000000000E+00
   7   7   1   0.00000000000E+00
   8   7   1   0.00000000000E+00
   1   8   1   0.00000000000E+00
   2   8   1   0.00000000000E+00
   3   8   1   0.00000000000E+00
   4   8   1   0.00000000000E+00
   5   8   1   0.00000000000E+00
   6   8   1   0.00000000000E+00
   7   8   1   0.00000000000E+00
   8   8   1   0.00000000000E+00
   3   2   1   2
   1   1   1   0.00000000000E+00
   2   1   1   0.00000000000E+00
   3   1   1   0.00000000000E+00
   4   1   1   0.00000000000E+00
   5   1   1   0.00000000000E+00
   6   1   1   0.00000000000E+00
   7   1   1   0.00000000000E+00
   8   1   1   0.00000000000E+00
   1   2   1   0.00000000000E+00
   2   2   1   0.00000000000E+00
   3   2   1   0.00000000000E+00
   4   2   1   0.00000000000E+00
   5   2   1   0.00000000000E+00
   6   2   1   0.00000000000E+00
   7   2   1   0.00000000000E+00
   8   2   1   0.00000000000E+00
   1   3   1   0.00000000000E+00
   2   3   1   0.00000000000E+00
   3   3   1   0.00000000000E+00
   4   3   1   0.00000000000E+00
   5   3   1   0.00000000000E+00
   6   3   1   0.00000000000E+00
   7   3   1   0.00000000000E+00
   8   3   1   0.00000000000E+00
   1   4   1   0.00000000000E+00
   2   4   1   0.00000000000E+00
   3   4   1   0.00000000000E+00
   4   4   1   0.00000000000E+00
   5   4   1   0.00000000000E+00
   6   4   1   0.00000000000E+00
   7   4   1   0.00000000000E+00
   8   4   1   0.00000000000E+00
   1   5   1   0.00000000000E+00
   2   5   1   0.00000000000E+00
   3   5   1   0.00000000000E+00
   4   5   1   0.00000000000E+00
   5   5   1   0.00000000000E+00
   6   5   1   0.00000000000E+00
   7   5   1   0.00000000000E+00
   8   5   1   0.00000000000E+00
   1   6   1   0.00000000000E+00
   2   6   1   0.00000000000E+00
   3   6   1   0.00000000000E+00
   4   6   1   0.00000000000E+00
   5   6   1   0.00000000000E+00
   6   6   1   0.00000000000E+00
   7   6   1   0.00000000000E+00
   8   6   1   0.00000000000E+00
   1   7   1   0.00000000000E+00
   2   7   1   0.00000000000E+00
   3   7   1   0.00000000000E+00
   4   7   1   0.00000000000E+00
   5   7   1   0.00000000000E+00
   6   7   1   0.00000000000E+00
   7   7   1   0.00000000000E+00
   8   7   1   0.00000000000E+00
   1   8   1   0.00000000000E+00
   2   8   1   0.00000000000E+00
   3   8   1   0.00000000000E+00
   4   8   1   0.00000000000E+00
   5   8   1   0.00000000000E+00
   6   8   1   0.00000000000E+00
   7   8   1   0.00000000000E+00
   8   8   1   0.00000000000E+00
   3   2   2   1
   1   1   1   0.00000000000E+00
   2   1   1   0.00000000000E+00
   3   1   1   0.00000000000E+00
   4   1   1   0.00000000000E+00
   5   1   1   0.00000000000E+00
   6   1   1   0.00000000000E+00
   7   1   1   0.00000000000E+00
   8   1   1   0.00000000000E+00
   1   2   1   0.00000000000E+00
   2   2   1   0.00000000000E+00
   3   2   1   0.00000000000E+00
   4   2   1   0.00000000000E+00
   5   2   1   0.00000000000E+00
   6   2   1   0.00000000000E+00
   7   2   1   0.00000000000E+00
   8   2   1   0.00000000000E+00
   1   3   1   0.00000000000E+00
   2   3   1   0.00000000000E+00
   3   3   1   0.00000000000E+00
   4   3   1   0.00000000000E+00
   5   3   1   0.00000000000E+00
   6   3   1   0.00000000000E+00
   7   3   1   0.00000000000E+00
   8   3   1   0.00000000000E+00
   1   4   1   0.00000000000E+00
   2   4   1   0.00000000000E+00
   3   4   1   0.00000000000E+00
   4   4   1   0.00000000000E+00
   5   4   1   0.00000000000E+00
   6   4   1   0.00000000000E+00
   7   4   1   0.00000000000E+00
   8   4   1   0.00000000000E+00
   1   5   1   0.00000000000E+00
   2   5   1   0.00000000000E+00
   3   5   1   0.00000000000E+00
   4   5   1   0.00000000000E+00
   5   5   1   0.00000000000E+00
   6   5   1   0.00000000000E+00
   7   5   1   0.00000000000E+00
   8   5   1   0.00000000000E+00
   1   6   1   0.00000000000E+00
   2   6   1   0.00000000000E+00
   3   6   1   0.00000000000E+00
   4   6   1   0.00000000000E+00
   5   6   1   0.00000000000E+00
   6   6   1   0.00000000000E+00
   7   6   1   0.00000000000E+00
   8   6   1   0.00000000000E+00
   1   7   1   0.00000000000E+00
   2   7   1   0.00000000000E+00
   3   7   1   0.00000000000E+00
   4   7   1   0.00000000000E+00
   5   7   1   0.00000000000E+00
   6   7   1   0.00000000000E+00
   7   7   1   0.00000000000E+00
   8   7   1   0.00000000000E+00
   1   8   1   0.00000000000E+00
   2   8   1   0.00000000000E+00
   3   8   1   0.00000000000E+00
   4   8   1   0.00000000000E+00
   5   8   1   0.00000000000E+00
   6   8   1   0.00000000000E+00
   7   8   1   0.00000000000E+00
   8   8   1   0.00000000000E+00
   3   2   2   2
   1   1   1   0.00000000000E+00
   2   1   1   0.00000000000E+00
   3   1   1   0.00000000000E+00
   4   1   1   0.00000000000E+00
   5   1   1   0.00000000000E+00
   6   1   1   0.00000000000E+00
   7   1   1   0.00000000000E+00
   8   1   1   0.00000000000E+00
   1   2   1   0.00000000000E+00
   2   2   1   0.00000000000E+00
   3   2   1   0.00000000000E+00
   4   2   1   0.00000000000E+00
   5   2   1   0.00000000000E+00
   6   2   1   0.00000000000E+00
   7   2   1   0.00000000000E+00
   8   2   1   0.00000000000E+00
   1   3   1   0.00000000000E+00
   2   3   1   0.00000000000E+00
   3   3   1   0.00000000000E+00
   4   3   1   0.00000000000E+00
   5   3   1   0.00000000000E+00
   6   3   1   0.00000000000E+00
   7   3   1   0.00000000000E+00
   8   3   1   0.00000000000E+00
   1   4   1   0.00000000000E+00
   2   4   1   0.00000000000E+00
   3   4   1   0.00000000000E+00
   4   4   1   0.00000000000E+00
   5   4   1   0.00000000000E+00
   6   4   1   0.00000000000E+00
   7   4   1   0.00000000000E+00
   8   4   1   0.00000000000E+00
   1   5   1   0.00000000000E+00
   2   5   1   0.00000000000E+00
   3   5   1   0.00000000000E+00
   4   5   1   0.00000000000E+00
   5   5   1   0.00000000000E+00
   6   5   1   0.00000000000E+00
   7   5   1   0.00000000000E+00
   8   5   1   0.00000000000E+00
   1   6   1   0.00000000000E+00
   2   6   1   0.00000000000E+00
   3   6   1   0.00000000000E+00
   4   6   1   0.00000000000E+00
   5   6   1   0.00000000000E+00
   6   6   1   0.00000000000E+00
   7   6   1   0.00000000000E+00
   8   6   1   0.00000000000E+00
   1   7   1   0.00000000000E+00
   2   7   1   0.00000000000E+00
   3   7   1   0.00000000000E+00
   4   7   1   0.00000000000E+00
   5   7   1   0.00000000000E+00
   6   7   1   0.00000000000E+00
   7   7   1   0.00000000000E+00
   8   7   1   0.00000000000E+00
   1   8   1   0.00000000000E+00
   2   8   1   0.00000000000E+00
   3   8   1   0.00000000000E+00
   4   8   1   0.00000000000E+00
   5   8   1   0.00000000000E+00
   6   8   1   0.00000000000E+00
   7   8   1   0.00000000000E+00
   8   8   1   0.00000000000E+00
   3   3   1   1
   1   1   1   3.13836586094E-01
   2   1   1   1.10644138671E-02
   3   1   1   2.21108593750E-04
   4   1   1  -2.10273046328E-05
   5   1   1  -3.40515624999E-06
   6   1   1  -2.10273046328E-05
   7   1   1   2.21108593750E-04
   8   1   1   1.10644138671E-02
   1   2   1   1.10644138671E-02
   2   2   1   1.10644138671E-02
   3   2   1  -1.51450010045E-03
   4   2   1   1.24079843750E-04
   5   2   1  -6.04171875000E-06
   6   2   1  -6.04171875000E-06
   7   2   1   1.24079843750E-04
   8   2   1  -1.51450010045E-03
   1   3   1   2.21108593750E-04
   2   3   1  -1.51450010045E-03
   3   3   1   2.21108593750E-04
   4   3   1   1.24079843750E-04
   5   3   1  -2.33507812500E-05
   6   3   1   5.15103794965E-06
   7   3   1  -2.33507812500E-05
   8   3   1   1.24079843750E-04
   1   4   1  -2.10273046328E-05
   2   4   1   1.24079843750E-04
   3   4   1   1.24079843750E-04
   4   4   1  -2.10273046328E-05
   5   4   1  -6.04171875000E-06
   6   4   1   5.15103794965E-06
   7   4   1   5.15103794965E-06
   8   4   1  -6.04171875000E-06
   1   5   1  -3.40515625000E-06
   2   5   1  -6.04171875000E-06
   3   5   1  -2.33507812500E-05
   4   5   1  -6.04171875000E-06
   5   5   1  -3.40515624999E-06
   6   5   1  -6.04171875000E-06
   7   5   1  -2.33507812500E-05
   8   5   1  -6.04171875000E-06
   1   6   1  -2.10273046328E-05
   2   6   1  -6.04171875000E-06
   3   6   1   5.15103794965E-06
   4   6   1   5.15103794965E-06
   5   6   1  -6.04171875000E-06
   6   6   1  -2.10273046328E-05
   7   6   1   1.24079843750E-04
   8   6   1   1.24079843750E-04
   1   7   1   2.21108593750E-04
   2   7   1   1.24079843750E-04
   3   7   1  -2.33507812500E-05
   4   7   1   5.15103794965E-06
   5   7   1  -2.33507812500E-05
   6   7   1   1.24079843750E-04
   7   7   1   2.21108593750E-04
   8   7   1  -1.51450010045E-03
   1   8   1   1.10644138671E-02
   2   8   1  -1.51450010045E-03
   3   8   1   1.24079843750E-04
   4   8   1  -6.04171875000E-06
   5   8   1  -6.04171875000E-06
   6   8   1   1.24079843750E-04
   7   8   1  -1.51450010045E-03
   8   8   1   1.10644138671E-02
   3   3   1   2
   1   1   1  -1.34731199219E-01
   2   1   1  -8.53787520519E-03
   3   1   1   1.87443281250E-04
   4   1   1   7.41011426871E-05
   5   1   1  -2.39929687500E-05
   6   1   1   7.41011426871E-05
   7   1   1   1.87443281250E-04
   8   1   1  -8.53787520519E-03
   1   2   1  -1.34731199684E-01
   2   2   1  -1.34731199684E-01
   3   2   1   1.02997418087E-02
   4   2   1  -5.37007965508E-04
   5   2   1  -3.10965085294E-05
   6   2   1  -3.10965085294E-05
   7   2   1  -5.37007965508E-04
   8   2   1   1.02997418087E-02
   1   3   1   1.02997417187E-02
   2   3   1  -8.53787561405E-03
   3   3   1   1.02997417187E-02
   4   3   1  -1.29857671875E-03
   5   3   1   1.65500468750E-04
   6   3   1  -2.26040734522E-05
   7   3   1   1.65500468750E-04
   8   3   1  -1.29857671875E-03
   1   4   1  -5.37008347307E-04
   2   4   1   1.87444102864E-04
   3   4   1   1.87444102864E-04
   4   4   1  -5.37008347307E-04
   5   4   1   1.65500176922E-04
   6   4   1  -2.61113580974E-05
   7   4   1  -2.61113580974E-05
   8   4   1   1.65500176922E-04
   1   5   1  -3.10967187500E-05
   2   5   1   7.41003723893E-05
   3   5   1  -6.42917187500E-05
   4   5   1   7.41003723893E-05
   5   5   1  -3.10967187500E-05
   6   5   1  -2.26044348893E-05
   7   5   1  -2.61104687500E-05
   8   5   1  -2.26044348893E-05
   1   6   1  -3.10962533132E-05
   2   6   1  -2.39931789706E-05
   3   6   1   3.81850377978E-06
   4   6   1   3.81850377978E-06
   5   6   1  -2.39931789706E-05
   6   6   1  -3.10962533132E-05
   7   6   1   1.65499528008E-04
   8   6   1   1.65499528008E-04
   1   7   1  -5.37008906250E-04
   2   7   1   7.41007812500E-05
   3   7   1   3.81859375000E-06
   4   7   1  -2.88391412774E-06
   5   7   1   3.81859375000E-06
   6   7   1   7.41007812500E-05
   7   7   1  -5.37008906250E-04
   8   7   1  -1.29857577337E-03
   1   8   1   1.02997411598E-02
   2   8   1   1.87444170597E-04
   3   8   1  -6.42925403642E-05
   4   8   1   3.81888557824E-06
   5   8   1   3.81888557824E-06
   6   8   1  -6.42925403642E-05
   7   8   1   1.87444170597E-04
   8   8   1   1.02997411598E-02
   3   3   2   1
   1   1   1  -1.34731199219E-01
   2   1   1  -8.53787520519E-03
   3   1   1   1.87443281250E-04
   4   1   1   7.41011426871E-05
   5   1   1  -2.39929687500E-05
   6   1   1   7.41011426871E-05
   7   1   1   1.87443281250E-04
   8   1   1  -8.53787520519E-03
   1   2   1   1.02997411598E-02
   2   2   1   1.02997411598E-02
   3   2   1   1.87444170597E-04
   4   2   1  -6.42925403642E-05
   5   2   1   3.81888557824E-06
   6   2   1   3.81888557824E-06
   7   2   1  -6.42925403642E-05
   8   2   1   1.87444170597E-04
   1   3   1  -5.37008906250E-04
   2   3   1  -1.29857577337E-03
   3   3   1  -5.37008906250E-04
   4   3   1   7.41007812500E-05
   5   3   1   3.81859375000E-06
   6   3   1  -2.88391412774E-06
   7   3   1   3.81859375000E-06
   8   3   1   7.41007812500E-05
   1   4   1  -3.10962533132E-05
   2   4   1   1.65499528008E-04
   3   4   1   1.65499528008E-04
   4   4   1  -3.10962533132E-05
   5   4   1  -2.39931789706E-05
   6   4   1   3.81850377978E-06
   7   4   1   3.81850377978E-06
   8   4   1  -2.39931789706E-05
   1   5   1  -3.10967187500E-05
   2   5   1  -2.26044348893E-05
   3   5   1  -2.61104687500E-05
   4   5   1  -2.26044348893E-05
   5   5   1  -3.10967187500E-05
   6   5   1   7.41003723893E-05
   7   5   1  -6.42917187500E-05
   8   5   1   7.41003723893E-05
   1   6   1  -5.37008347307E-04
   2   6   1   1.65500176922E-04
   3   6   1  -2.61113580974E-05
   4   6   1  -2.61113580974E-05
   5   6   1   1.65500176922E-04
   6   6   1  -5.37008347307E-04
   7   6   1   1.87444102864E-04
   8   6   1   1.87444102864E-04
   1   7   1   1.02997417187E-02
   2   7   1  -1.29857671875E-03
   3   7   1   1.65500468750E-04
   4   7   1  -2.26040734522E-05
   5   7   1   1.65500468750E-04
   6   7   1  -1.29857671875E-03
   7   7   1   1.02997417187E-02
   8   7   1  -8.53787561405E-03
   1   8   1  -1.34731199684E-01
   2   8   1   1.02997418087E-02
   3   8   1  -5.37007965508E-04
   4   8   1  -3.10965085294E-05
   5   8   1  -3.10965085294E-05
   6   8   1  -5.37007965508E-04
   7   8   1   1.02997418087E-02
   8   8   1  -1.34731199684E-01
   3   3   2   2
   1   1   1   3.13836586094E-01
   2   1   1   1.10644138671E-02
   3   1   1   2.21108593750E-04
   4   1   1  -2.10273046328E-05
   5   1   1  -3.40515624999E-06
   6   1   1  -2.10273046328E-05
   7   1   1   2.21108593750E-04
   8   1   1   1.10644138671E-02
   1   2   1   1.10644138671E-02
   2   2   1   1.10644138671E-02
   3   2   1  -1.51450010045E-03
   4   2   1   1.24079843750E-04
   5   2   1  -6.04171875000E-06
   6   2   1  -6.04171875000E-06
   7   2   1   1.24079843750E-04
   8   2   1  -1.51450010045E-03
   1   3   1   2.21108593750E-04
   2   3   1  -1.51450010045E-03
   3   3   1   2.21108593750E-04
   4   3   1   1.24079843750E-04
   5   3   1  -2.33507812500E-05
   6   3   1   5.15103794965E-06
   7   3   1  -2.33507812500E-05
   8   3   1   1.24079843750E-04
   1   4   1  -2.10273046328E-05
   2   4   1   1.24079843750E-04
   3   4   1   1.24079843750E-04
   4   4   1  -2.10273046328E-05
   5   4   1  -6.04171875000E-06
   6   4   1   5.15103794965E-06
   7   4   1   5.15103794965E-06
   8   4   1  -6.04171875000E-06
   1   5   1  -3.40515625000E-06
   2   5   1  -6.04171875000E-06
   3   5   1  -2.33507812500E-05
   4   5   1  -6.04171875000E-06
   5   5   1  -3.40515624999E-06
   6   5   1  -6.04171875000E-06
   7   5   1  -2.33507812500E-05
   8   5   1  -6.04171875000E-06
   1   6   1  -2.10273046328E-05
   2   6   1  -6.04171875000E-06
   3   6   1   5.15103794965E-06
   4   6   1   5.15103794965E-06
   5   6   1  -6.04171875000E-06
   6   6   1  -2.10273046328E-05
   7   6   1   1.24079843750E-04
   8   6   1   1.24079843750E-04
   1   7   1   2.21108593750E-04
   2   7   1   1.24079843750E-04
   3   7   1  -2.33507812500E-05
   4   7   1   5.15103794965E-06
   5   7   1  -2.33507812500E-05
   6   7   1   1.24079843750E-04
   7   7   1   2.21108593750E-04
   8   7   1  -1.51450010045E-03
   1   8   1   1.10644138671E-02
   2   8   1  -1.51450010045E-03
   3   8   1   1.24079843750E-04
   4   8   1  -6.04171875000E-06
   5   8   1  -6.04171875000E-06
   6   8   1   1.24079843750E-04
   7   8   1  -1.51450010045E-03
   8   8   1   1.10644138671E-02
